# n          Re           Im
  0    -1.02761110   -0.24630110
  1    -0.82067752   -0.44544412
  2    -0.71694402   -0.48360488
  3    -0.66570927   -0.48773908
  4    -0.64071642   -0.48480658
  5    -0.62196608   -0.46967968
  6    -0.62888138   -0.45181326
  7    -0.61723449   -0.43362028
  8    -0.61263848   -0.41118078
  9    -0.61739799   -0.39135279
 10    -0.62089063   -0.37548282
 11    -0.61835783   -0.36106424
 12    -0.61169417   -0.34622312
 13    -0.60461726   -0.33077163
 14    -0.59966469   -0.31540981
 15    -0.59762884   -0.30087735
 16    -0.59811077   -0.28759055
 17    -0.60021576   -0.27563397
 18    -0.60302653   -0.26488278
 19    -0.60582781   -0.25512604
 20    -0.60816269   -0.24614807
 21    -0.60980304   -0.23776846
 22    -0.61068959   -0.22985397
 23    -0.61087114   -0.22231534
 24    -0.61045521   -0.21509799
 25    -0.60957295   -0.20817168
 26    -0.60835656   -0.20152161
 27    -0.60692650   -0.19514158
 28    -0.60538538   -0.18902928
 29    -0.60381617   -0.18318333
 30    -0.60228288   -0.17760157
 31    -0.60083264   -0.17228031
 32    -0.59949819   -0.16721401
 33    -0.59830059   -0.16239546
 34    -0.59725162   -0.15781598
 35    -0.59635593   -0.15346580
 36    -0.59561287   -0.14933441
 37    -0.59501797   -0.14541082
 38    -0.59456412   -0.14168388
 39    -0.59424249   -0.13814246
 40    -0.59404324   -0.13477568
 41    -0.59395607   -0.13157295
 42    -0.59397058   -0.12852415
 43    -0.59407657   -0.12561962
 44    -0.59426425   -0.12285024
 45    -0.59452431   -0.12020742
 46    -0.59484808   -0.11768311
 47    -0.59522747   -0.11526979
 48    -0.59565509   -0.11296046
 49    -0.59612415   -0.11074860
 50    -0.59662849   -0.10862816
 51    -0.59716255   -0.10659353
 52    -0.59772132   -0.10463951
 53    -0.59830029   -0.10276127
 54    -0.59889546   -0.10095435
 55    -0.59950323   -0.09921461
 56    -0.60012045   -0.09753821
 57    -0.60074429   -0.09592160
 58    -0.60137228   -0.09436147
 59    -0.60200223   -0.09285476
 60    -0.60263225   -0.09139862
 61    -0.60326066   -0.08999041
 62    -0.60388602   -0.08862767
 63    -0.60450706   -0.08730810
 64    -0.60512271   -0.08602956
 65    -0.60573205   -0.08479007
 66    -0.60633429   -0.08358774
 67    -0.60692876   -0.08242085
 68    -0.60751491   -0.08128776
 69    -0.60809227   -0.08018694
 70    -0.60866049   -0.07911696
 71    -0.60921925   -0.07807647
 72    -0.60976833   -0.07706420
 73    -0.61030756   -0.07607897
 74    -0.61083681   -0.07511966
 75    -0.61135601   -0.07418520
 76    -0.61186512   -0.07327460
 77    -0.61236415   -0.07238693
 78    -0.61285310   -0.07152128
 79    -0.61333205   -0.07067682
 80    -0.61380106   -0.06985275
 81    -0.61426023   -0.06904831
 82    -0.61470967   -0.06826278
 83    -0.61514951   -0.06749549
 84    -0.61557988   -0.06674579
 85    -0.61600093   -0.06601306
 86    -0.61641280   -0.06529671
 87    -0.61681567   -0.06459620
 88    -0.61720969   -0.06391098
 89    -0.61759504   -0.06324056
 90    -0.61797188   -0.06258444
 91    -0.61834040   -0.06194216
 92    -0.61870076   -0.06131329
 93    -0.61905314   -0.06069740
 94    -0.61939772   -0.06009409
 95    -0.61973467   -0.05950297
 96    -0.62006417   -0.05892368
 97    -0.62038638   -0.05835584
 98    -0.62070147   -0.05779914
 99    -0.62100962   -0.05725323
100    -0.62131099   -0.05671781