   0.00000000E+00	   8.65098819E-01	   3.42488263E-04	   8.63421195E-01	   2.35160115E-04
   4.00000000E-03	   8.14654579E-01	   3.47500257E-04	   8.13546712E-01	   2.33726776E-04
   8.00000000E-03	   7.69034268E-01	   3.41354333E-04	   7.68378310E-01	   2.49757436E-04
   1.20000000E-02	   7.27381014E-01	   3.66835988E-04	   7.27290809E-01	   2.61274047E-04
   1.60000000E-02	   6.89043767E-01	   3.84744735E-04	   6.89599081E-01	   2.49438483E-04
   2.00000000E-02	   6.53838462E-01	   3.80094806E-04	   6.54842181E-01	   2.62926878E-04
   2.40000000E-02	   6.21135055E-01	   3.87252105E-04	   6.22762818E-01	   2.52204402E-04
   2.80000000E-02	   5.90746533E-01	   4.15862285E-04	   5.93083369E-01	   2.59747313E-04
   3.20000000E-02	   5.62456403E-01	   4.11190981E-04	   5.65317277E-01	   2.74698928E-04
   3.60000000E-02	   5.36057769E-01	   4.00376249E-04	   5.39401801E-01	   2.84028493E-04
   4.00000000E-02	   5.11419872E-01	   3.73373712E-04	   5.15164303E-01	   2.85473186E-04
   4.40000000E-02	   4.87947509E-01	   3.75539681E-04	   4.92532543E-01	   2.96772080E-04
   4.80000000E-02	   4.65928434E-01	   3.82910260E-04	   4.70984101E-01	   2.89944867E-04
   5.20000000E-02	   4.45141962E-01	   3.53485112E-04	   4.50824460E-01	   2.78515742E-04
   5.60000000E-02	   4.25726948E-01	   3.51866114E-04	   4.31826738E-01	   2.94774420E-04
   6.00000000E-02	   4.07169585E-01	   3.62990305E-04	   4.13855066E-01	   2.86542560E-04
   6.40000000E-02	   3.89794797E-01	   4.07934729E-04	   3.96672083E-01	   2.90681354E-04
   6.80000000E-02	   3.73261548E-01	   4.02451906E-04	   3.80407373E-01	   2.77987480E-04
   7.20000000E-02	   3.57440849E-01	   4.19143074E-04	   3.64863746E-01	   2.85438890E-04
   7.60000000E-02	   3.42271025E-01	   4.12646385E-04	   3.50071513E-01	   2.94385820E-04
   8.00000000E-02	   3.28148288E-01	   4.18401346E-04	   3.36074460E-01	   2.93758505E-04
   8.40000000E-02	   3.14664062E-01	   4.11594515E-04	   3.22665580E-01	   3.06061174E-04
   8.80000000E-02	   3.01787291E-01	   4.26521210E-04	   3.09911541E-01	   2.86542831E-04
   9.20000000E-02	   2.89275310E-01	   4.09403849E-04	   2.97683073E-01	   2.95460277E-04
   9.60000000E-02	   2.77413778E-01	   3.89554884E-04	   2.86180869E-01	   2.96547488E-04
   1.00000000E-01	   2.66209060E-01	   4.00084196E-04	   2.75040759E-01	   2.93943506E-04
   1.04000000E-01	   2.55388337E-01	   4.07983669E-04	   2.64517290E-01	   2.86525115E-04
   1.08000000E-01	   2.45280503E-01	   4.40639499E-04	   2.54249603E-01	   2.94646242E-04
   1.12000000E-01	   2.35283086E-01	   4.23019610E-04	   2.44385690E-01	   2.88028181E-04
   1.16000000E-01	   2.25753975E-01	   3.78341700E-04	   2.35076481E-01	   2.97193612E-04
   1.20000000E-01	   2.16885443E-01	   3.67808070E-04	   2.26204803E-01	   2.99499688E-04
   1.24000000E-01	   2.08351449E-01	   3.81319216E-04	   2.17606262E-01	   2.93509326E-04
   1.28000000E-01	   2.00007364E-01	   3.66133878E-04	   2.09435645E-01	   2.54325987E-04
   1.32000000E-01	   1.91995633E-01	   3.72164367E-04	   2.01554548E-01	   2.59625978E-04
   1.36000000E-01	   1.84325221E-01	   3.94118907E-04	   1.94062523E-01	   2.47375219E-04
   1.40000000E-01	   1.77163289E-01	   4.04303113E-04	   1.87021590E-01	   2.44758012E-04
   1.44000000E-01	   1.70262726E-01	   3.94634213E-04	   1.80021744E-01	   2.35321876E-04
   1.48000000E-01	   1.63425653E-01	   3.85496170E-04	   1.73275795E-01	   2.42180306E-04
   1.52000000E-01	   1.57240362E-01	   4.00739942E-04	   1.66892679E-01	   2.43703660E-04
   1.56000000E-01	   1.51137310E-01	   3.81877551E-04	   1.60656981E-01	   2.69171697E-04
   1.60000000E-01	   1.45185324E-01	   3.68842009E-04	   1.54749636E-01	   2.67409983E-04
   1.64000000E-01	   1.39412174E-01	   3.69903514E-04	   1.49013333E-01	   2.65365315E-04
   1.68000000E-01	   1.34157162E-01	   3.33973192E-04	   1.43519601E-01	   2.71557782E-04
   1.72000000E-01	   1.29118175E-01	   3.48034574E-04	   1.38319692E-01	   2.77548348E-04
   1.76000000E-01	   1.24098707E-01	   3.68924717E-04	   1.33224461E-01	   2.79272093E-04
   1.80000000E-01	   1.19308654E-01	   3.91881522E-04	   1.28419933E-01	   2.71667205E-04
   1.84000000E-01	   1.14634114E-01	   3.85052535E-04	   1.23773787E-01	   2.71620489E-04
   1.88000000E-01	   1.10188064E-01	   3.80972986E-04	   1.19284947E-01	   2.86083943E-04
   1.92000000E-01	   1.05901551E-01	   3.55767406E-04	   1.14890106E-01	   3.06977985E-04
   1.96000000E-01	   1.01802548E-01	   3.84030826E-04	   1.10641466E-01	   2.85656737E-04
   2.00000000E-01	   9.79381487E-02	   3.89454545E-04	   1.06665893E-01	   2.82497210E-04
   2.04000000E-01	   9.42990354E-02	   3.95658475E-04	   1.02756579E-01	   3.03113570E-04
   2.08000000E-01	   9.08101866E-02	   3.80707710E-04	   9.92523831E-02	   3.13261400E-04
   2.12000000E-01	   8.73218540E-02	   3.99836712E-04	   9.56157928E-02	   3.08454510E-04
   2.16000000E-01	   8.39982057E-02	   3.84426341E-04	   9.21363840E-02	   3.22180231E-04
   2.20000000E-01	   8.08068088E-02	   3.87079521E-04	   8.88813697E-02	   3.12987554E-04
   2.24000000E-01	   7.76592248E-02	   4.08469352E-04	   8.56774878E-02	   2.88738686E-04
   2.28000000E-01	   7.48878273E-02	   3.77974655E-04	   8.27478211E-02	   2.76602583E-04
   2.32000000E-01	   7.21098127E-02	   4.11700155E-04	   7.97565745E-02	   2.76996720E-04
   2.36000000E-01	   6.93150895E-02	   4.41216016E-04	   7.69476651E-02	   2.84290694E-04
   2.40000000E-01	   6.65429326E-02	   4.54426516E-04	   7.42251532E-02	   2.85742489E-04
   2.44000000E-01	   6.40533564E-02	   4.54568328E-04	   7.15089985E-02	   2.80495275E-04
   2.48000000E-01	   6.18345616E-02	   4.28685858E-04	   6.89192236E-02	   2.61846044E-04
   2.52000000E-01	   5.97955697E-02	   4.39495095E-04	   6.63044150E-02	   2.70882895E-04
   2.56000000E-01	   5.75170311E-02	   4.26401471E-04	   6.39845015E-02	   2.84888092E-04
   2.60000000E-01	   5.53660383E-02	   4.32448444E-04	   6.16935029E-02	   2.90945699E-04
   2.64000000E-01	   5.33881156E-02	   4.27462935E-04	   5.94873894E-02	   2.99783876E-04
   2.68000000E-01	   5.14606856E-02	   4.08068686E-04	   5.71766300E-02	   2.92010586E-04
   2.72000000E-01	   4.95120018E-02	   3.84230825E-04	   5.51282797E-02	   3.17067957E-04
   2.76000000E-01	   4.79279275E-02	   4.05353062E-04	   5.33344689E-02	   3.05831883E-04
   2.80000000E-01	   4.60557177E-02	   3.82600528E-04	   5.14657994E-02	   3.31846858E-04
   2.84000000E-01	   4.43766492E-02	   3.99812937E-04	   4.97542969E-02	   3.10290891E-04
   2.88000000E-01	   4.27425450E-02	   3.83177715E-04	   4.79680357E-02	   3.37415839E-04
   2.92000000E-01	   4.12580658E-02	   3.83178117E-04	   4.62653299E-02	   3.52959919E-04
   2.96000000E-01	   3.97353261E-02	   3.79336799E-04	   4.46251108E-02	   3.24369842E-04
   3.00000000E-01	   3.81534191E-02	   3.69392637E-04	   4.31345500E-02	   2.91246336E-04
   3.04000000E-01	   3.67483912E-02	   3.67233069E-04	   4.16508165E-02	   2.91585205E-04
   3.08000000E-01	   3.52340906E-02	   3.86384323E-04	   4.02862028E-02	   2.93710329E-04
   3.12000000E-01	   3.38319761E-02	   3.98833031E-04	   3.87643371E-02	   2.76129458E-04
   3.16000000E-01	   3.26450876E-02	   4.03258217E-04	   3.74559076E-02	   2.65611404E-04
   3.20000000E-01	   3.15501594E-02	   4.23624368E-04	   3.61813348E-02	   2.75619621E-04
   3.24000000E-01	   3.04477102E-02	   4.12618573E-04	   3.49936877E-02	   2.72852372E-04
   3.28000000E-01	   2.94091114E-02	   3.97786661E-04	   3.37692795E-02	   2.42155411E-04
   3.32000000E-01	   2.84036712E-02	   3.91450686E-04	   3.25799730E-02	   2.50995854E-04
   3.36000000E-01	   2.75186131E-02	   4.01011942E-04	   3.15034393E-02	   2.59981081E-04
   3.40000000E-01	   2.65035768E-02	   3.97093231E-04	   3.04780823E-02	   2.37680689E-04
   3.44000000E-01	   2.55106741E-02	   3.86084637E-04	   2.93757560E-02	   2.73519109E-04
   3.48000000E-01	   2.47140292E-02	   4.08755903E-04	   2.84374388E-02	   2.78390751E-04
   3.52000000E-01	   2.36552598E-02	   3.86430572E-04	   2.73698659E-02	   3.01437126E-04
   3.56000000E-01	   2.28485471E-02	   3.83506871E-04	   2.66060660E-02	   2.79386223E-04
   3.60000000E-01	   2.20238534E-02	   3.76142247E-04	   2.54945679E-02	   2.87644095E-04
   3.64000000E-01	   2.10802042E-02	   3.63864397E-04	   2.46681023E-02	   3.05936470E-04
   3.68000000E-01	   2.02275916E-02	   3.64401531E-04	   2.38909140E-02	   2.94118032E-04
   3.72000000E-01	   1.94821538E-02	   3.83354516E-04	   2.31727806E-02	   3.06471312E-04
   3.76000000E-01	   1.89642466E-02	   4.09477056E-04	   2.24474682E-02	   3.08022103E-04
   3.80000000E-01	   1.83036815E-02	   4.25887309E-04	   2.17916216E-02	   2.89655133E-04
   3.84000000E-01	   1.77759127E-02	   4.46145084E-04	   2.09116804E-02	   2.74478544E-04
   3.88000000E-01	   1.72592399E-02	   4.14898129E-04	   2.01386729E-02	   2.53882030E-04
   3.92000000E-01	   1.66388974E-02	   4.21790167E-04	   1.94475568E-02	   2.51908257E-04
   3.96000000E-01	   1.59365395E-02	   4.09433488E-04	   1.88252530E-02	   2.58230793E-04
   4.00000000E-01	   1.53537723E-02	   4.26221112E-04	   1.82497966E-02	   2.52450774E-04
   4.04000000E-01	   1.49135518E-02	   3.82462820E-04	   1.76377228E-02	   2.40955512E-04
   4.08000000E-01	   1.43604460E-02	   3.74202856E-04	   1.70005305E-02	   2.41631449E-04
   4.12000000E-01	   1.39258515E-02	   3.86091060E-04	   1.63715533E-02	   2.42476160E-04
   4.16000000E-01	   1.33718237E-02	   3.95649347E-04	   1.59340897E-02	   2.44831994E-04
   4.20000000E-01	   1.31387012E-02	   3.72953732E-04	   1.54868607E-02	   2.48195506E-04
   4.24000000E-01	   1.28309964E-02	   3.84739975E-04	   1.50120892E-02	   2.88095510E-04
   4.28000000E-01	   1.24063057E-02	   3.99279670E-04	   1.44511372E-02	   2.78256866E-04
   4.32000000E-01	   1.19158146E-02	   3.77826352E-04	   1.40500347E-02	   3.14996329E-04
   4.36000000E-01	   1.13736620E-02	   3.68786702E-04	   1.36085922E-02	   3.10271564E-04
   4.40000000E-01	   1.10275085E-02	   3.69850820E-04	   1.30971285E-02	   3.17642539E-04
   4.44000000E-01	   1.03849459E-02	   3.69372922E-04	   1.26441436E-02	   3.04458142E-04
   4.48000000E-01	   1.00279108E-02	   3.78196947E-04	   1.21729011E-02	   3.01788112E-04
   4.52000000E-01	   9.78152552E-03	   3.90411697E-04	   1.18118174E-02	   3.03052156E-04
   4.56000000E-01	   9.72057123E-03	   3.62709656E-04	   1.15622608E-02	   3.02842094E-04
   4.60000000E-01	   9.57599947E-03	   3.85211107E-04	   1.11940340E-02	   3.06057546E-04
   4.64000000E-01	   9.28095416E-03	   3.74697905E-04	   1.09697431E-02	   2.99699255E-04
   4.68000000E-01	   8.88091932E-03	   3.71628841E-04	   1.06590845E-02	   3.05955589E-04
   4.72000000E-01	   8.49098939E-03	   3.89880882E-04	   1.02279688E-02	   3.07135986E-04
   4.76000000E-01	   8.27009994E-03	   3.80274685E-04	   9.88415356E-03	   3.09796393E-04
   4.80000000E-01	   7.71185139E-03	   3.69918399E-04	   9.69549627E-03	   3.08921202E-04
   4.84000000E-01	   7.41981754E-03	   3.54582121E-04	   9.40335638E-03	   3.14683569E-04
   4.88000000E-01	   7.07004476E-03	   3.27145714E-04	   9.35572899E-03	   3.14858151E-04
   4.92000000E-01	   6.81518589E-03	   3.33005102E-04	   9.08600992E-03	   3.27798216E-04
   4.96000000E-01	   6.63477005E-03	   3.35499701E-04	   8.77863575E-03	   3.34995336E-04
   5.00000000E-01	   6.51650082E-03	   3.31614966E-04	   8.60432395E-03	   3.09693369E-04
   5.04000000E-01	   6.40262811E-03	   3.53154202E-04	   8.37312723E-03	   3.27626082E-04
   5.08000000E-01	   6.29472179E-03	   3.74386081E-04	   8.29828149E-03	   3.28198131E-04
   5.12000000E-01	   6.19498507E-03	   3.95068980E-04	   8.04076254E-03	   3.22253447E-04
   5.16000000E-01	   6.03085822E-03	   3.95332883E-04	   7.90258792E-03	   3.06617680E-04
   5.20000000E-01	   5.90200412E-03	   3.68740156E-04	   7.64149581E-03	   3.09949802E-04
   5.24000000E-01	   5.75914014E-03	   3.59251978E-04	   7.54813231E-03	   2.80659140E-04
   5.28000000E-01	   5.60402168E-03	   3.59477241E-04	   7.42578267E-03	   3.00489122E-04
   5.32000000E-01	   5.49619812E-03	   3.65428346E-04	   7.31719765E-03	   3.00716981E-04
   5.36000000E-01	   5.52248878E-03	   3.87126063E-04	   7.38903673E-03	   3.28114357E-04
   5.40000000E-01	   5.25130404E-03	   3.64501210E-04	   7.16138523E-03	   3.30770196E-04
   5.44000000E-01	   5.34741263E-03	   3.32156514E-04	   6.97717702E-03	   3.40839119E-04
   5.48000000E-01	   5.24593174E-03	   3.59296704E-04	   6.84788768E-03	   3.20100557E-04
   5.52000000E-01	   4.90608269E-03	   3.69849877E-04	   6.70765908E-03	   3.14039981E-04
   5.56000000E-01	   4.70348635E-03	   3.47698006E-04	   6.61748253E-03	   3.10950723E-04
   5.60000000E-01	   4.60456497E-03	   3.34281300E-04	   6.52821590E-03	   3.08790169E-04
   5.64000000E-01	   4.33516386E-03	   3.66838591E-04	   6.39719066E-03	   2.96045012E-04
   5.68000000E-01	   4.28110515E-03	   3.91686009E-04	   6.23236969E-03	   2.84565012E-04
   5.72000000E-01	   4.28457605E-03	   3.98983881E-04	   6.16068246E-03	   2.72236265E-04
   5.76000000E-01	   4.22604552E-03	   4.17770173E-04	   6.02076604E-03	   2.58672175E-04
   5.80000000E-01	   4.27382658E-03	   4.09537302E-04	   6.04445798E-03	   2.51683413E-04
   5.84000000E-01	   4.41008654E-03	   3.88727668E-04	   5.93785376E-03	   2.61522739E-04
   5.88000000E-01	   4.34442115E-03	   3.82649870E-04	   5.98421493E-03	   2.75307316E-04
   5.92000000E-01	   4.27233204E-03	   3.40076582E-04	   5.79113640E-03	   2.71803595E-04
   5.96000000E-01	   4.27567944E-03	   3.33351105E-04	   5.82030937E-03	   2.80972993E-04
   6.00000000E-01	   4.24712108E-03	   3.53438352E-04	   5.79772456E-03	   2.78920209E-04
   6.04000000E-01	   4.26175497E-03	   3.73184321E-04	   5.63385176E-03	   2.64595496E-04
   6.08000000E-01	   4.01214225E-03	   3.87712842E-04	   5.55432855E-03	   2.68225615E-04
   6.12000000E-01	   4.23419128E-03	   3.95379427E-04	   5.62230864E-03	   2.68647332E-04
   6.16000000E-01	   4.33167302E-03	   4.35747163E-04	   5.64135722E-03	   2.58878061E-04
   6.20000000E-01	   4.42654263E-03	   4.16537292E-04	   5.66944404E-03	   2.67879254E-04
   6.24000000E-01	   4.39808621E-03	   4.14365204E-04	   5.74538559E-03	   2.70214644E-04
   6.28000000E-01	   4.40718579E-03	   4.02461654E-04	   5.77405241E-03	   2.99191863E-04
   6.32000000E-01	   4.56721180E-03	   3.92237958E-04	   5.77021098E-03	   2.88319763E-04
   6.36000000E-01	   4.49346047E-03	   4.01320902E-04	   5.78960567E-03	   2.95842823E-04
   6.40000000E-01	   4.51541511E-03	   4.14578650E-04	   5.84840142E-03	   2.97910571E-04
   6.44000000E-01	   4.46016241E-03	   3.74490978E-04	   5.84697794E-03	   2.93769603E-04
   6.48000000E-01	   4.21949640E-03	   3.46848521E-04	   5.75706186E-03	   2.86576088E-04
   6.52000000E-01	   4.13353780E-03	   3.39003234E-04	   5.79363993E-03	   2.92948904E-04
   6.56000000E-01	   4.02971478E-03	   3.68776102E-04	   5.75390463E-03	   2.73500345E-04
   6.60000000E-01	   4.10292311E-03	   4.02184911E-04	   5.79508115E-03	   2.64849397E-04
   6.64000000E-01	   4.07300420E-03	   4.16968936E-04	   5.80283956E-03	   2.72732769E-04
   6.68000000E-01	   4.12756055E-03	   3.99327386E-04	   5.87428207E-03	   3.13639132E-04
   6.72000000E-01	   4.20180887E-03	   4.18198706E-04	   5.98544219E-03	   2.74362402E-04
   6.76000000E-01	   4.31782858E-03	   3.97074783E-04	   6.09106683E-03	   2.62355970E-04
   6.80000000E-01	   4.41940405E-03	   3.70917357E-04	   6.07644147E-03	   2.58184158E-04
   6.84000000E-01	   4.48515073E-03	   3.49141445E-04	   6.09093755E-03	   2.60048680E-04
   6.88000000E-01	   4.67760627E-03	   3.04576911E-04	   6.37650828E-03	   2.70486546E-04
   6.92000000E-01	   4.70909388E-03	   3.14568354E-04	   6.53735454E-03	   2.69855227E-04
   6.96000000E-01	   4.66305654E-03	   3.14072460E-04	   6.70845525E-03	   2.82158815E-04
   7.00000000E-01	   4.82377914E-03	   3.28447264E-04	   6.86157032E-03	   2.71711616E-04
   7.04000000E-01	   5.03995073E-03	   3.48111057E-04	   7.04407188E-03	   2.88554126E-04
   7.08000000E-01	   5.30575820E-03	   3.48120825E-04	   7.10758027E-03	   2.81159391E-04
   7.12000000E-01	   5.41544118E-03	   3.51692124E-04	   7.26069220E-03	   3.09338626E-04
   7.16000000E-01	   5.50493925E-03	   3.67214108E-04	   7.45119369E-03	   3.04437798E-04
   7.20000000E-01	   5.66313564E-03	   3.60710076E-04	   7.68335863E-03	   2.92919953E-04
   7.24000000E-01	   5.89909902E-03	   3.59161850E-04	   7.94210040E-03	   2.86376004E-04
   7.28000000E-01	   5.95033378E-03	   3.78922113E-04	   8.06131389E-03	   3.01175841E-04
   7.32000000E-01	   6.18304929E-03	   3.77478553E-04	   8.42693520E-03	   3.07922520E-04
   7.36000000E-01	   6.19589502E-03	   3.71283814E-04	   8.52652949E-03	   3.01522115E-04
   7.40000000E-01	   6.34345191E-03	   3.85261164E-04	   8.59673418E-03	   3.01971213E-04
   7.44000000E-01	   6.58104871E-03	   3.78426342E-04	   8.90638136E-03	   3.05539023E-04
   7.48000000E-01	   6.91548707E-03	   3.79438721E-04	   9.16699061E-03	   3.06820193E-04
   7.52000000E-01	   7.20538363E-03	   3.65500004E-04	   9.39847710E-03	   3.10960181E-04
   7.56000000E-01	   7.43658226E-03	   4.01626678E-04	   9.63773443E-03	   3.12456624E-04
   7.60000000E-01	   7.86031775E-03	   4.28648103E-04	   9.99341332E-03	   3.06638331E-04
   7.64000000E-01	   7.94298498E-03	   4.14363384E-04	   1.01703133E-02	   3.03433920E-04
   7.68000000E-01	   8.14268820E-03	   3.79305469E-04	   1.04055943E-02	   2.98160822E-04
   7.72000000E-01	   8.47312132E-03	   3.79901211E-04	   1.07495919E-02	   2.78599670E-04
   7.76000000E-01	   8.80815536E-03	   3.75280309E-04	   1.10457114E-02	   2.72590373E-04
   7.80000000E-01	   9.15732125E-03	   3.57960404E-04	   1.13992428E-02	   2.63998643E-04
   7.84000000E-01	   9.48363486E-03	   3.80551034E-04	   1.18182119E-02	   2.79745237E-04
   7.88000000E-01	   9.86721695E-03	   3.69144584E-04	   1.21606533E-02	   2.67615524E-04
   7.92000000E-01	   1.01317685E-02	   3.79098918E-04	   1.24631917E-02	   2.68806930E-04
   7.96000000E-01	   1.03205872E-02	   3.84999569E-04	   1.28325406E-02	   2.67353912E-04
   8.00000000E-01	   1.07345332E-02	   4.02019989E-04	   1.32807714E-02	   2.80968876E-04
   8.04000000E-01	   1.09455792E-02	   4.16400075E-04	   1.37233898E-02	   2.90327337E-04
   8.08000000E-01	   1.14866840E-02	   4.32238520E-04	   1.42015377E-02	   3.05291224E-04
   8.12000000E-01	   1.18465361E-02	   4.28870404E-04	   1.47410776E-02	   3.31688174E-04
   8.16000000E-01	   1.21776825E-02	   4.18414533E-04	   1.52308856E-02	   3.05425098E-04
   8.20000000E-01	   1.26847728E-02	   3.94881341E-04	   1.56859573E-02	   3.15496279E-04
   8.24000000E-01	   1.33201917E-02	   3.74717772E-04	   1.61970320E-02	   3.07121474E-04
   8.28000000E-01	   1.40300095E-02	   4.00372258E-04	   1.67071660E-02	   3.05999117E-04
   8.32000000E-01	   1.45884497E-02	   3.90301058E-04	   1.73339126E-02	   2.97075250E-04
   8.36000000E-01	   1.50644421E-02	   3.77584375E-04	   1.79550420E-02	   2.87596659E-04
   8.40000000E-01	   1.55203838E-02	   3.70096815E-04	   1.86239849E-02	   3.08928383E-04
   8.44000000E-01	   1.61813332E-02	   3.87576605E-04	   1.93456743E-02	   3.02725844E-04
   8.48000000E-01	   1.66299717E-02	   3.67972282E-04	   2.01366412E-02	   2.99465275E-04
   8.52000000E-01	   1.73246638E-02	   3.76149666E-04	   2.09807167E-02	   2.98629980E-04
   8.56000000E-01	   1.82432135E-02	   3.72148583E-04	   2.17380654E-02	   2.85438572E-04
   8.60000000E-01	   1.92701816E-02	   3.31462419E-04	   2.26062432E-02	   2.89678575E-04
   8.64000000E-01	   2.00484717E-02	   2.99117375E-04	   2.33606117E-02	   2.86435777E-04
   8.68000000E-01	   2.07829171E-02	   2.79685961E-04	   2.42948101E-02	   2.81203657E-04
   8.72000000E-01	   2.17057616E-02	   3.09808812E-04	   2.53355802E-02	   2.65843296E-04
   8.76000000E-01	   2.25306246E-02	   3.21137367E-04	   2.62020029E-02	   2.60909308E-04
   8.80000000E-01	   2.34967238E-02	   3.41948589E-04	   2.72625444E-02	   2.67926645E-04
   8.84000000E-01	   2.46460611E-02	   3.29394917E-04	   2.84743173E-02	   2.71363225E-04
   8.88000000E-01	   2.55643364E-02	   3.54588144E-04	   2.96423456E-02	   3.08958692E-04
   8.92000000E-01	   2.66166728E-02	   3.36050457E-04	   3.09613780E-02	   2.79129436E-04
   8.96000000E-01	   2.78800775E-02	   3.55747521E-04	   3.23297540E-02	   2.98831799E-04
   9.00000000E-01	   2.91739561E-02	   3.62994165E-04	   3.36206112E-02	   2.97703194E-04
   9.04000000E-01	   3.04622161E-02	   3.74392571E-04	   3.49466880E-02	   2.98116656E-04
   9.08000000E-01	   3.19674900E-02	   4.08918907E-04	   3.64671752E-02	   2.98217184E-04
   9.12000000E-01	   3.34414976E-02	   4.12992298E-04	   3.81206516E-02	   3.03772727E-04
   9.16000000E-01	   3.52180361E-02	   4.17976861E-04	   3.98789373E-02	   3.02030668E-04
   9.20000000E-01	   3.72008602E-02	   4.01531726E-04	   4.16641102E-02	   2.72082455E-04
   9.24000000E-01	   3.90904196E-02	   4.02927436E-04	   4.34136101E-02	   2.55033748E-04
   9.28000000E-01	   4.12949106E-02	   3.82792162E-04	   4.54730437E-02	   2.56488774E-04
   9.32000000E-01	   4.34484154E-02	   3.79513353E-04	   4.76457400E-02	   2.76079948E-04
   9.36000000E-01	   4.59331443E-02	   3.89820025E-04	   5.00537386E-02	   3.05021980E-04
   9.40000000E-01	   4.82360148E-02	   3.79461705E-04	   5.24461799E-02	   2.85968756E-04
   9.44000000E-01	   5.08826831E-02	   3.72036684E-04	   5.50617838E-02	   2.91403770E-04
   9.48000000E-01	   5.37930897E-02	   4.14118337E-04	   5.78260798E-02	   2.67828707E-04
   9.52000000E-01	   5.69197626E-02	   3.99192908E-04	   6.09749930E-02	   2.59309432E-04
   9.56000000E-01	   6.02981592E-02	   4.16694712E-04	   6.43525081E-02	   2.68670712E-04
   9.60000000E-01	   6.40612918E-02	   3.91729369E-04	   6.80543570E-02	   2.76997993E-04
   9.64000000E-01	   6.82315066E-02	   3.76723999E-04	   7.21821026E-02	   2.98257282E-04
   9.68000000E-01	   7.27505947E-02	   3.60271440E-04	   7.65193189E-02	   2.93368572E-04
   9.72000000E-01	   7.76462011E-02	   3.88852841E-04	   8.14710128E-02	   2.73543633E-04
   9.76000000E-01	   8.31658415E-02	   4.00423221E-04	   8.68371418E-02	   2.68067713E-04
   9.80000000E-01	   8.93070556E-02	   4.08752196E-04	   9.28396865E-02	   2.51468685E-04
   9.84000000E-01	   9.61896649E-02	   3.83162143E-04	   9.93947693E-02	   2.54035666E-04
   9.88000000E-01	   1.03967583E-01	   3.87515537E-04	   1.06916657E-01	   2.44897667E-04
   9.92000000E-01	   1.13039560E-01	   3.92458454E-04	   1.15474091E-01	   2.43935351E-04
   9.96000000E-01	   1.23209606E-01	   3.84228473E-04	   1.25329497E-01	   2.51430314E-04
   1.00000000E+00	   1.34901181E-01	   3.42488263E-04	   1.36578805E-01	   2.35160115E-04
