1.19519642774552010536097061427238390e+00
1.25495624913279609735967321465786622e+00
1.31471607052007208935837581504334834e+00
1.37447589190734808135707841542883046e+00
1.43423571329462407335578101581431277e+00
1.49399553468190006535448361619979509e+00
1.55375535606917605735318621658527721e+00
1.61351517745645204935188881697075933e+00
1.67327499884372804135059141735624165e+00
1.75693874878591442484103668576466320e+00
1.84060249872810080833148195417308456e+00
1.92426624867028719182192722258150612e+00
2.00792999861247357531237249098992767e+00
2.09159374855465995880281775939834904e+00
2.17525749849684634229326302780677040e+00
2.25892124843903272578370829621519215e+00
2.34258499838121910927415356462361351e+00
2.45971424830028003872994321941164906e+00
2.57684349821934096818573287419968461e+00
2.69397274813840189764152252898772016e+00
2.81110199805746282709731218377575571e+00
2.92823124797652375655310183856379126e+00
3.04536049789558468600889149335182681e+00
3.16248974781464561546468114813986235e+00
3.27961899773370654492047080292789790e+00
3.44359994762039183575540911025389185e+00
3.60758089750707712659034741757988579e+00
3.77156184739376241742528572490587974e+00
3.93554279728044770826022403223187330e+00
4.09952374716713299909516233955786724e+00
4.26350469705381828993010064688386119e+00
4.42748564694050358076503895420985513e+00
4.59146659682718887159997726153584908e+00
4.82103992666854826420445679866408351e+00
5.05061325650990765680893633579231794e+00
5.28018658635126704941341587292055237e+00
5.50975991619262644201789541004878758e+00
5.73933324603398583462237494717702124e+00
5.96890657587534522722685448430525644e+00
6.19847990571670461983133402143349087e+00
6.42805323555806401243581355856172531e+00
6.74945589733596714169187718016183460e+00
7.07085855911387027094794080176194390e+00
7.39226122089177340020400442336205319e+00
7.71366388266967652946006804496216249e+00
8.03506654444757965871613166656227255e+00
8.35646920622548278797219528816238108e+00
8.67787186800338591722825890976248960e+00
8.99927452978128904648432253136259967e+00
9.44923825627035339889652077907156839e+00
9.89920198275941775130871902678053712e+00
1.03491657092484821037209172744895058e+01
1.07991294357375464561331155221984746e+01
1.12490931622266108085453137699074448e+01
1.16990568887156751609575120176164136e+01
1.21490206152047395133697102653253823e+01
1.25989843416938038657819085130343510e+01
1.32289335587784939191941789082832516e+01
1.38588827758631839726064493035321522e+01
1.44888319929478740260187196987810528e+01
1.51187812100325640794309900940299549e+01
1.57487304271172541328432604892788540e+01
1.63786796442019441862555308845277561e+01
1.70086288612866342396678012797766582e+01
1.76385780783713242930800716750255573e+01
1.85205069822898903119065202162129042e+01
1.94024358862084563307329687574002512e+01
2.02843647901270223495594172985875981e+01
2.11662936940455883683858658397749451e+01
2.20482225979641543872123143809622920e+01
2.29301515018827204060387629221496390e+01
2.38120804058012864248652114633369859e+01
2.46940093097198524436916600045243329e+01
2.59287097752058447917176659451610633e+01
2.71634102406918371397436718857977938e+01
2.83981107061778294877696778264345242e+01
2.96328111716638218357956837670712577e+01
3.08675116371498141838216897077079882e+01
3.21022121026358065318476956483447186e+01
3.33369125681217988798737015889814491e+01
3.45716130336077912278997075296181795e+01
3.63001936852881804054726850226738290e+01
3.80287743369685695830456625157294847e+01
3.97573549886489587606186400087851404e+01
4.14859356403293479381916175018407899e+01
4.32145162920097371157645949948964394e+01
4.49430969436901262933375724879520951e+01
4.66716775953705154709105499810077508e+01
4.84002582470509046484835274740634003e+01
5.08202711594034493435568928109712443e+01
5.32402840717559940386302581478790883e+01
5.56602969841085387337036234847869385e+01
5.80803098964610834287769888216947825e+01
6.05003228088136281238503541586026265e+01
6.29203357211661728189237194955104767e+01
6.53403486335187175139970848324183268e+01
6.77603615458712622090704501693261647e+01
7.11483796231648245672328372262790647e+01
7.45363977004583869253952242832319647e+01
7.79244157777519492835576113401848770e+01
8.13124338550455116417199983971377770e+01
8.47004519323390739998823854540906771e+01
8.80884700096326363580447725110435894e+01
9.14764880869261987162071595679964894e+01
9.48645061642197610743695466249493894e+01
9.96077314724307480748804343240781537e+01
1.04350956780641735075391322023206918e+02
1.09094182088852722075902209722335682e+02
1.13837407397063709076413097421464446e+02
1.18580632705274696076923985120593211e+02
1.23323858013485683077434872819721975e+02
1.28067083321696670077945760518850727e+02
1.32810308629907657078456648217979504e+02
1.39450824061403038457888855143912400e+02
1.46091339492898419837321062069845273e+02
1.52731854924393801216753268995778170e+02
1.59372370355889182596185475921711042e+02
1.66012885787384563975617682847643939e+02
1.72653401218879945355049889773576835e+02
1.79293916650375326734482096699509708e+02
1.85934432081870708113914303625442605e+02
1.95231153685964241455323143127762346e+02
2.04527875290057774796731982630082088e+02
2.13824596894151308138140822132401829e+02
2.23121318498244841479549661634721546e+02
2.32418040102338374820958501137041313e+02
2.41714761706431908162367340639361030e+02
2.51011483310525441503776180141680771e+02
2.60308204914618974845185019644000513e+02
2.73323615160349920697442644675667354e+02
2.86339025406080866549700269707334244e+02
2.99354435651811812401957894739001085e+02
3.12369845897542758254215519770667927e+02
3.25385256143273704106473144802334768e+02
3.38400666389004649958730769834001609e+02
3.51416076634735595810988394865668499e+02
3.64431486880466541663246019897335340e+02
3.82653061224489864700406044561455917e+02
4.00874635568513187737566069225576543e+02
4.19096209912536510774726093889697120e+02
4.37317784256559833811886118553817697e+02
4.55539358600583156849046143217938274e+02
4.73760932944606479886206167882058851e+02
4.91982507288629802923366192546179477e+02
5.10204081632653125960526217210300054e+02
5.35714285714285776594149341207770753e+02
5.61224489795918427227772465205241502e+02
5.86734693877551077861395589202712152e+02
6.12244897959183728495018713200182900e+02
6.37755102040816379128641837197653649e+02
6.63265306122449029762264961195124299e+02
6.88775510204081680395888085192595048e+02
7.14285714285714331029511209190065796e+02
7.50000000000000039650822308041307523e+02
7.85714285714285748272133406892549347e+02
8.21428571428571456893444505743791172e+02
8.57142857142857165514755604595032898e+02
8.92857142857142874136066703446274624e+02
9.28571428571428582757377802297516449e+02
9.64285714285714291378688901148758274e+02
1.00000000000000000000000000000000000e+03
